-0.999 1
-0.997 1
-0.995 1
-0.993 1
-0.991 1
-0.989 1
-0.987 1
-0.985 1
-0.983 1
-0.981 1
-0.979 1
-0.977 1
-0.975 1
-0.973 1
-0.971 1
-0.969 1
-0.967 1
-0.965 1
-0.963 1
-0.961 1
-0.959 1
-0.957 1
-0.955 1
-0.953 1
-0.951 1
-0.949 1
-0.947 1
-0.945 1
-0.943 1
-0.941 1
-0.939 1
-0.937 1
-0.935 1
-0.933 1
-0.931 1
-0.929 1
-0.927 1
-0.925 1
-0.923 1
-0.921 1
-0.919 1
-0.917 1
-0.915 1
-0.913 1
-0.911 1
-0.909 1
-0.907 1
-0.905 1
-0.903 1
-0.901 1
-0.899 1
-0.897 1
-0.895 1
-0.893 1
-0.891 1
-0.889 1
-0.887 1
-0.885 1
-0.883 1
-0.881 1
-0.879 1
-0.877 1
-0.875 1
-0.873 1
-0.871 1
-0.869 1
-0.867 1
-0.865 1
-0.863 1
-0.861 1
-0.859 1
-0.857 1
-0.855 1
-0.853 1
-0.851 1
-0.849 1
-0.847 1
-0.845 1
-0.843 1
-0.841 1
-0.839 1
-0.837 1
-0.835 1
-0.833 1
-0.831 1
-0.829 1
-0.827 1
-0.825 1
-0.823 1
-0.821 1
-0.819 1
-0.817 1
-0.815 1
-0.813 1
-0.811 1
-0.809 1
-0.807 1
-0.805 1
-0.803 1
-0.801 1
-0.799 1
-0.797 1
-0.795 1
-0.793 1
-0.791 1
-0.789 1
-0.787 1
-0.785 1
-0.783 1
-0.781 1
-0.779 1
-0.777 1
-0.775 1
-0.773 1
-0.771 1
-0.769 1
-0.767 1
-0.765 1
-0.763 1
-0.761 1
-0.759 1
-0.757 1
-0.755 1
-0.753 1
-0.751 1
-0.749 1
-0.747 1
-0.745 1
-0.743 1
-0.741 1
-0.739 1
-0.737 1
-0.735 1
-0.733 1
-0.731 1
-0.729 1
-0.727 1
-0.725 1
-0.723 1
-0.721 1
-0.719 1
-0.717 1
-0.715 1
-0.713 1
-0.711 1
-0.709 1
-0.707 1
-0.705 1
-0.703 1
-0.701 1
-0.699 1
-0.697 1
-0.695 1
-0.693 1
-0.691 1
-0.689 1
-0.687 1
-0.685 1
-0.683 1
-0.681 1
-0.679 1
-0.677 1
-0.675 1
-0.673 1
-0.671 1
-0.669 1
-0.667 1
-0.665 1
-0.663 1
-0.661 1
-0.659 1
-0.657 1
-0.655 1
-0.653 1
-0.651 1
-0.649 1
-0.647 1
-0.645 1
-0.643 1
-0.641 1
-0.639 1
-0.637 1
-0.635 1
-0.633 1
-0.631 1
-0.629 1
-0.627 1
-0.625 1
-0.623 1
-0.621 1
-0.619 1
-0.617 1
-0.615 1
-0.613 1
-0.611 1
-0.609 1
-0.607 1
-0.605 1
-0.603 1
-0.601 1
-0.599 1
-0.597 1
-0.595 1
-0.593 1
-0.591 1
-0.589 1
-0.587 1
-0.585 1
-0.583 1
-0.581 1
-0.579 1
-0.577 1
-0.575 1
-0.573 1
-0.571 1
-0.569 1
-0.567 1
-0.565 1
-0.563 1
-0.561 1
-0.559 1
-0.557 1
-0.555 1
-0.553 1
-0.551 1
-0.549 1
-0.547 1
-0.545 1
-0.543 1
-0.541 1
-0.539 1
-0.537 1
-0.535 1
-0.533 1
-0.531 1
-0.529 1
-0.527 1
-0.525 1
-0.523 1
-0.521 1
-0.519 1
-0.517 1
-0.515 1
-0.513 1
-0.511 1
-0.509 1
-0.507 1
-0.505 1
-0.503 1
-0.501 1
-0.499 1
-0.497 1
-0.495 1
-0.493 1
-0.491 1
-0.489 1
-0.487 1
-0.485 1
-0.483 1
-0.481 1
-0.479 1
-0.477 1
-0.475 1
-0.473 1
-0.471 1
-0.469 1
-0.467 1
-0.465 1
-0.463 1
-0.461 1
-0.459 1
-0.457 1
-0.455 1
-0.453 1
-0.451 1
-0.449 1
-0.447 1
-0.445 1
-0.443 1
-0.441 1
-0.439 1
-0.437 1
-0.435 1
-0.433 1
-0.431 1
-0.429 1
-0.427 1
-0.425 1
-0.423 1
-0.421 1
-0.419 1
-0.417 1
-0.415 1
-0.413 1
-0.411 1
-0.409 1
-0.407 1
-0.405 1
-0.403 1
-0.401 1
-0.399 1
-0.397 1
-0.395 1
-0.393 1
-0.391 1
-0.389 1
-0.387 1
-0.385 1
-0.383 1
-0.381 1
-0.379 1
-0.377 1
-0.375 1
-0.373 1
-0.371 1
-0.369 1
-0.367 1
-0.365 1
-0.363 1
-0.361 1
-0.359 1
-0.357 1
-0.355 1
-0.353 1
-0.351 1
-0.349 1
-0.347 1
-0.345 1
-0.343 1
-0.341 1
-0.339 1
-0.337 1
-0.335 1
-0.333 1
-0.331 1
-0.329 1
-0.327 1
-0.325 1
-0.323 1
-0.321 1
-0.319 1
-0.317 1
-0.315 1
-0.313 1
-0.311 1
-0.309 1
-0.307 1
-0.305 1
-0.303 1
-0.301 1
-0.299 1
-0.297 1
-0.295 1
-0.293 1
-0.291 1
-0.289 1
-0.287 1
-0.285 1
-0.283 1
-0.281 1
-0.279 1
-0.277 1
-0.275 1
-0.273 1
-0.271 1
-0.269 1
-0.267 1
-0.265 1
-0.263 1
-0.261 1
-0.259 1
-0.257 1
-0.255 1
-0.253 1
-0.251 1
-0.249 1
-0.247 1
-0.245 1
-0.243 1
-0.241 1
-0.239 1
-0.237 1
-0.235 1
-0.233 1
-0.231 1
-0.229 1
-0.227 1
-0.225 1
-0.223 1
-0.221 1
-0.219 1
-0.217 1
-0.215 1
-0.213 1
-0.211 1
-0.209 1
-0.207 1
-0.205 1
-0.203 1
-0.201 1
-0.199 1
-0.197 1
-0.195 1
-0.193 1
-0.191 1
-0.189 1
-0.187 1
-0.185 1
-0.183 1
-0.181 1
-0.179 1
-0.177 1
-0.175 1
-0.173 1
-0.171 1
-0.169 1
-0.167 1
-0.165 1
-0.163 1
-0.161 1
-0.159 1
-0.157 1
-0.155 1
-0.153 1
-0.151 1
-0.149 1
-0.147 1
-0.145 1
-0.143 1
-0.141 1
-0.139 1
-0.137 1
-0.135 1
-0.133 1
-0.131 1
-0.129 1
-0.127 1
-0.125 1
-0.123 1
-0.121 1
-0.119 1
-0.117 1
-0.115 1
-0.113 1
-0.111 1
-0.109 1
-0.107 1
-0.105 1
-0.103 1
-0.101 1
-0.099 1
-0.097 1
-0.095 1
-0.093 1
-0.091 1
-0.089 1
-0.087 1
-0.085 1
-0.083 1
-0.081 1
-0.079 1
-0.077 1
-0.075 1
-0.073 1
-0.071 1
-0.069 1
-0.067 1
-0.065 1
-0.063 1
-0.061 1
-0.059 1
-0.057 1
-0.055 1
-0.053 1
-0.051 1
-0.049 1
-0.047 1
-0.045 1
-0.043 1
-0.041 1
-0.039 1
-0.037 1
-0.035 1
-0.033 1
-0.031 1
-0.029 1
-0.027 1
-0.025 1
-0.023 1
-0.021 1
-0.019 1
-0.017 1
-0.015 1
-0.013 1
-0.011 1
-0.009 1
-0.007 1
-0.005 1
-0.003 1
-0.001 1
0.001 1
0.003 1
0.005 1
0.007 1
0.009 1
0.011 1
0.013 1
0.015 1
0.017 1
0.019 1
0.021 1
0.023 1
0.025 1
0.027 1
0.029 1
0.031 1
0.033 1
0.035 1
0.037 1
0.039 1
0.041 1
0.043 1
0.045 1
0.047 1
0.049 1
0.051 1
0.053 1
0.055 1
0.057 1
0.059 1
0.061 1
0.063 1
0.065 1
0.067 1
0.069 1
0.071 1
0.073 1
0.075 1
0.077 1
0.079 1
0.081 1
0.083 1
0.085 1
0.087 1
0.089 1
0.091 1
0.093 1
0.095 1
0.097 1
0.099 1
0.101 1
0.103 1
0.105 1
0.107 1
0.109 1
0.111 1
0.113 1
0.115 1
0.117 1
0.119 1
0.121 1
0.123 1
0.125 1
0.127 1
0.129 1
0.131 1
0.133 1
0.135 1
0.137 1
0.139 1
0.141 1
0.143 1
0.145 1
0.147 1
0.149 1
0.151 1
0.153 1
0.155 1
0.157 1
0.159 1
0.161 1
0.163 1
0.165 1
0.167 1
0.169 1
0.171 1
0.173 1
0.175 1
0.177 1
0.179 1
0.181 1
0.183 1
0.185 1
0.187 1
0.189 1
0.191 1
0.193 1
0.195 1
0.197 1
0.199 1
0.201 1
0.203 1
0.205 1
0.207 1
0.209 1
0.211 1
0.213 1
0.215 1
0.217 1
0.219 1
0.221 1
0.223 1
0.225 1
0.227 1
0.229 1
0.231 1
0.233 1
0.235 1
0.237 1
0.239 1
0.241 1
0.243 1
0.245 1
0.247 1
0.249 1
0.251 1
0.253 1
0.255 1
0.257 1
0.259 1
0.261 1
0.263 1
0.265 1
0.267 1
0.269 1
0.271 1
0.273 1
0.275 1
0.277 1
0.279 1
0.281 1
0.283 1
0.285 1
0.287 1
0.289 1
0.291 1
0.293 1
0.295 1
0.297 1
0.299 1
0.301 1
0.303 1
0.305 1
0.307 1
0.309 1
0.311 1
0.313 1
0.315 1
0.317 1
0.319 1
0.321 1
0.323 1
0.325 1
0.327 1
0.329 1
0.331 1
0.333 1
0.335 1
0.337 1
0.339 1
0.341 1
0.343 1
0.345 1
0.347 1
0.349 1
0.351 1
0.353 1
0.355 1
0.357 1
0.359 1
0.361 1
0.363 1
0.365 1
0.367 1
0.369 1
0.371 1
0.373 1
0.375 1
0.377 1
0.379 0.999998
0.381 0.99999
0.383 0.999977
0.385 1.00001
0.387 1.00028
0.389 1.0012
0.391 1.0023
0.393 0.997104
0.395 0.961479
0.397 0.850857
0.399 0.643161
0.401 0.393555
0.403 0.19308
0.405 0.0786301
0.407 0.0281037
0.409 0.00927683
0.411 0.00293033
0.413 0.000904727
0.415 0.000276189
0.417 8.38566e-05
0.419 2.53958e-05
0.421 7.68206e-06
0.423 2.32252e-06
0.425 7.02001e-07
0.427 2.12162e-07
0.429 6.41174e-08
0.431 1.93765e-08
0.433 5.85558e-09
0.435 1.76955e-09
0.437 5.34756e-10
0.439 1.61602e-10
0.441 4.8836e-11
0.443 1.47581e-11
0.445 4.45988e-12
0.447 1.34777e-12
0.449 4.07293e-13
0.451 1.23083e-13
0.453 3.71956e-14
0.455 1.12404e-14
0.457 3.39684e-15
0.459 1.02652e-15
0.461 3.10212e-16
0.463 9.37456e-17
0.465 2.83297e-17
0.467 8.5612e-18
0.469 2.58718e-18
0.471 7.81841e-19
0.473 2.36271e-19
0.475 7.14006e-20
0.477 2.15771e-20
0.479 6.52056e-21
0.481 1.9705e-21
0.483 5.95481e-22
0.485 1.79953e-22
0.487 5.43814e-23
0.489 1.6434e-23
0.491 4.9663e-24
0.493 1.50081e-24
0.495 4.5354e-25
0.497 1.37059e-25
0.499 4.14188e-26
0.501 1.25166e-26
0.503 3.7825e-27
0.505 1.14306e-27
0.507 3.4543e-28
0.509 1.04388e-28
0.511 3.15457e-29
0.513 9.53303e-30
0.515 2.88086e-30
0.517 8.70586e-31
0.519 2.63089e-31
0.521 7.95046e-32
0.523 2.40261e-32
0.525 7.26061e-33
0.527 2.19413e-33
0.529 6.63061e-34
0.531 2.00375e-34
0.533 6.05529e-35
0.535 1.82989e-35
0.537 5.52989e-36
0.539 1.67112e-36
0.541 5.05009e-37
0.543 1.52613e-37
0.545 4.61192e-38
0.547 1.39371e-38
0.549 4.21178e-39
0.551 1.27279e-39
0.553 3.84635e-40
0.555 1.16236e-40
0.557 3.51263e-41
0.559 1.06151e-41
0.561 3.20786e-42
0.563 9.69408e-43
0.565 2.92953e-43
0.567 8.85296e-44
0.569 2.67534e-44
0.571 8.08478e-45
0.573 2.44318e-45
0.575 7.38318e-46
0.577 2.23115e-46
0.579 6.74233e-47
0.581 2.03746e-47
0.583 6.15689e-48
0.585 1.86049e-48
0.587 5.6219e-49
0.589 1.69874e-49
0.591 5.13277e-50
0.593 1.55079e-50
0.595 4.68517e-51
0.597 1.41533e-51
0.599 4.27501e-52
0.601 1.29107e-52
0.603 3.89829e-53
0.605 1.17676e-53
0.607 3.55108e-54
0.609 1.07116e-54
0.611 3.22941e-55
0.613 9.73e-56
0.615 2.92924e-56
0.617 8.8099e-57
0.619 2.64645e-57
0.621 7.93817e-58
0.623 2.37688e-58
0.625 7.10181e-59
0.627 2.11652e-59
0.629 6.28858e-60
0.631 1.86172e-60
0.633 5.48806e-61
0.635 1.60964e-61
0.637 4.69302e-62
0.639 1.35869e-62
0.641 3.90103e-63
0.643 1.10905e-63
0.645 3.116e-64
0.647 8.63095e-65
0.649 2.3493e-65
0.651 6.25649e-66
0.653 1.6199e-66
0.655 4.03798e-67
0.657 9.53136e-68
0.659 2.06252e-68
0.661 3.77818e-69
0.663 4.21538e-70
0.665 -7.83473e-71
0.667 -8.05616e-71
0.669 -3.94338e-71
0.671 -1.56983e-71
0.673 -5.61405e-72
0.675 -1.86824e-72
0.677 -5.87218e-73
0.679 -1.75322e-73
0.681 -4.97076e-74
0.683 -1.33028e-74
0.685 -3.31214e-75
0.687 -7.43019e-76
0.689 -1.38104e-76
0.691 -1.46781e-77
0.693 3.50462e-78
0.695 3.23283e-78
0.697 1.52307e-78
0.699 5.81225e-79
0.701 1.96634e-79
0.703 6.07382e-80
0.705 1.7255e-80
0.707 4.47258e-81
0.709 1.02704e-81
0.711 1.91576e-82
0.713 1.91726e-83
0.715 -5.65525e-84
0.717 -4.77042e-84
0.719 -2.16212e-84
0.721 -7.90424e-85
0.723 -2.52786e-85
0.725 -7.22412e-86
0.727 -1.83074e-86
0.729 -3.93232e-87
0.731 -6.05447e-88
0.733 1.43355e-90
0.735 5.19812e-89
0.737 2.8225e-89
0.739 1.09749e-89
0.741 3.58206e-90
0.743 1.01765e-90
0.745 2.49238e-91
0.747 4.90486e-92
0.749 5.50217e-93
0.751 -1.15716e-93
0.753 -1.08328e-93
0.755 -4.8389e-94
0.757 -1.68268e-94
0.759 -4.94048e-95
0.761 -1.22774e-95
0.763 -2.40819e-96
0.765 -2.54937e-97
0.767 6.55302e-98
0.769 5.58891e-98
0.771 2.40604e-98
0.773 8.0363e-99
0.775 2.22991e-99
0.777 5.04277e-100
0.779 7.95069e-101
0.781 -1.48671e-103
0.783 -6.64813e-102
0.785 -3.44988e-102
0.787 -1.24478e-102
0.789 -3.6147e-103
0.791 -8.46882e-104
0.793 -1.40391e-104
0.795 -2.84515e-106
0.797 1.00514e-105
0.799 5.39479e-106
0.801 1.94214e-106
0.803 5.5227e-107
0.805 1.23287e-107
0.807 1.77499e-108
0.809 -1.02277e-109
0.811 -1.96364e-109
0.813 -9.11027e-110
0.815 -3.00835e-110
0.817 -7.77857e-111
0.819 -1.47646e-111
0.821 -1.11832e-112
0.823 6.33288e-113
0.825 4.07033e-113
0.827 1.5206e-113
0.829 4.29377e-114
0.831 9.10299e-115
0.833 1.06323e-115
0.835 -2.0471e-116
0.837 -1.86402e-116
0.839 -7.54836e-117
0.841 -2.22142e-117
0.843 -4.87094e-118
0.845 -6.1246e-119
0.847 8.90696e-120
0.849 9.22408e-120
0.851 3.78172e-120
0.853 1.10405e-120
0.855 2.35007e-121
0.857 2.61439e-122
0.859 -5.99219e-123
0.861 -4.95496e-123
0.863 -1.90849e-123
0.865 -5.24448e-124
0.867 -1.00598e-124
0.869 -6.75793e-126
0.871 4.69093e-126
0.873 2.76229e-126
0.875 9.4309e-127
0.877 2.30207e-127
0.879 3.49788e-128
0.881 -1.50306e-129
0.883 -3.43941e-129
0.885 -1.49808e-129
0.887 -4.34078e-130
0.889 -8.64033e-131
0.891 -6.57605e-132
0.893 3.64681e-132
0.895 2.20455e-132
0.897 7.39677e-133
0.899 1.71653e-133
0.901 2.20843e-134
0.903 -3.07635e-135
0.905 -3.11692e-135
0.907 -1.19284e-135
0.909 -3.06231e-136
0.911 -4.82201e-137
0.913 1.52375e-138
0.915 4.38892e-138
0.917 1.87492e-138
0.919 5.13336e-139
0.921 8.87285e-140
0.923 8.40547e-142
0.925 -6.38267e-141
0.927 -2.92894e-141
0.929 -8.26652e-142
0.931 -1.47057e-142
0.933 -2.88803e-144
0.935 9.85401e-144
0.937 4.59355e-144
0.939 1.29037e-144
0.941 2.23692e-145
0.943 1.3861e-147
0.945 -1.62337e-146
0.947 -7.23302e-147
0.949 -1.94981e-147
0.951 -3.09766e-148
0.953 1.09904e-149
0.955 2.79706e-149
0.957 1.13263e-149
0.959 2.81954e-150
0.961 3.74359e-151
0.963 -4.8538e-152
0.965 -4.87498e-152
0.967 -1.73314e-152
0.969 -3.80874e-153
0.971 -3.43622e-154
0.973 1.3545e-154
0.975 8.30774e-155
0.977 2.52798e-155
0.979 4.5831e-156
0.981 7.47408e-158
0.983 -3.05853e-157
0.985 -1.34244e-157
0.987 -3.39212e-158
0.989 -4.36782e-159
0.991 6.58982e-160
0.993 5.94538e-160
0.995 1.99362e-160
0.997 3.97057e-161
0.999 2.89038e-162
