-1.000000000000000000e+00 1.000000000000000000e+00
-9.979979979979980431e-01 1.000000000000000000e+00
-9.959959959959959752e-01 1.000000000000000000e+00
-9.939939939939940183e-01 1.000000000000000000e+00
-9.919919919919919504e-01 1.000000000000000000e+00
-9.899899899899899935e-01 1.000000000000000000e+00
-9.879879879879880367e-01 1.000000000000000000e+00
-9.859859859859859688e-01 1.000000000000000000e+00
-9.839839839839840119e-01 1.000000000000000000e+00
-9.819819819819819440e-01 1.000000000000000000e+00
-9.799799799799799871e-01 1.000000000000000000e+00
-9.779779779779780302e-01 1.000000000000000000e+00
-9.759759759759759623e-01 1.000000000000000000e+00
-9.739739739739740054e-01 1.000000000000000000e+00
-9.719719719719719375e-01 1.000000000000000000e+00
-9.699699699699699806e-01 1.000000000000000000e+00
-9.679679679679680238e-01 1.000000000000000000e+00
-9.659659659659659559e-01 1.000000000000000000e+00
-9.639639639639639990e-01 1.000000000000000000e+00
-9.619619619619619311e-01 1.000000000000000000e+00
-9.599599599599599742e-01 1.000000000000000000e+00
-9.579579579579580173e-01 1.000000000000000000e+00
-9.559559559559559494e-01 1.000000000000000000e+00
-9.539539539539539925e-01 1.000000000000000000e+00
-9.519519519519519246e-01 1.000000000000000000e+00
-9.499499499499499677e-01 1.000000000000000000e+00
-9.479479479479478998e-01 1.000000000000000000e+00
-9.459459459459459429e-01 1.000000000000000000e+00
-9.439439439439439861e-01 1.000000000000000000e+00
-9.419419419419419182e-01 1.000000000000000000e+00
-9.399399399399399613e-01 1.000000000000000000e+00
-9.379379379379378934e-01 1.000000000000000000e+00
-9.359359359359359365e-01 1.000000000000000000e+00
-9.339339339339339796e-01 1.000000000000000000e+00
-9.319319319319319117e-01 1.000000000000000000e+00
-9.299299299299299548e-01 1.000000000000000000e+00
-9.279279279279278869e-01 1.000000000000000000e+00
-9.259259259259259300e-01 1.000000000000000000e+00
-9.239239239239238621e-01 1.000000000000000000e+00
-9.219219219219219053e-01 1.000000000000000000e+00
-9.199199199199199484e-01 1.000000000000000000e+00
-9.179179179179178805e-01 1.000000000000000000e+00
-9.159159159159159236e-01 1.000000000000000000e+00
-9.139139139139138557e-01 1.000000000000000000e+00
-9.119119119119118988e-01 1.000000000000000000e+00
-9.099099099099099419e-01 1.000000000000000000e+00
-9.079079079079078740e-01 1.000000000000000000e+00
-9.059059059059059171e-01 1.000000000000000000e+00
-9.039039039039038492e-01 1.000000000000000000e+00
-9.019019019019018923e-01 1.000000000000000000e+00
-8.998998998998999355e-01 1.000000000000000000e+00
-8.978978978978978676e-01 1.000000000000000000e+00
-8.958958958958959107e-01 1.000000000000000000e+00
-8.938938938938938428e-01 1.000000000000000000e+00
-8.918918918918918859e-01 1.000000000000000000e+00
-8.898898898898899290e-01 1.000000000000000000e+00
-8.878878878878878611e-01 1.000000000000000000e+00
-8.858858858858859042e-01 1.000000000000000000e+00
-8.838838838838838363e-01 1.000000000000000000e+00
-8.818818818818818794e-01 1.000000000000000000e+00
-8.798798798798799226e-01 1.000000000000000000e+00
-8.778778778778778547e-01 1.000000000000000000e+00
-8.758758758758758978e-01 1.000000000000000000e+00
-8.738738738738738299e-01 1.000000000000000000e+00
-8.718718718718718730e-01 1.000000000000000000e+00
-8.698698698698699161e-01 1.000000000000000000e+00
-8.678678678678678482e-01 1.000000000000000000e+00
-8.658658658658658913e-01 1.000000000000000000e+00
-8.638638638638638234e-01 1.000000000000000000e+00
-8.618618618618618665e-01 1.000000000000000000e+00
-8.598598598598599096e-01 1.000000000000000000e+00
-8.578578578578578417e-01 1.000000000000000000e+00
-8.558558558558558849e-01 1.000000000000000000e+00
-8.538538538538538170e-01 1.000000000000000000e+00
-8.518518518518518601e-01 1.000000000000000000e+00
-8.498498498498499032e-01 1.000000000000000000e+00
-8.478478478478478353e-01 1.000000000000000000e+00
-8.458458458458458784e-01 1.000000000000000000e+00
-8.438438438438438105e-01 1.000000000000000000e+00
-8.418418418418418536e-01 1.000000000000000000e+00
-8.398398398398398967e-01 1.000000000000000000e+00
-8.378378378378378288e-01 1.000000000000000000e+00
-8.358358358358358720e-01 1.000000000000000000e+00
-8.338338338338338041e-01 1.000000000000000000e+00
-8.318318318318318472e-01 1.000000000000000000e+00
-8.298298298298298903e-01 1.000000000000000000e+00
-8.278278278278278224e-01 1.000000000000000000e+00
-8.258258258258258655e-01 1.000000000000000000e+00
-8.238238238238237976e-01 1.000000000000000000e+00
-8.218218218218218407e-01 1.000000000000000000e+00
-8.198198198198198838e-01 1.000000000000000000e+00
-8.178178178178178159e-01 1.000000000000000000e+00
-8.158158158158157480e-01 1.000000000000000000e+00
-8.138138138138137911e-01 1.000000000000000000e+00
-8.118118118118118343e-01 1.000000000000000000e+00
-8.098098098098098774e-01 1.000000000000000000e+00
-8.078078078078078095e-01 1.000000000000000000e+00
-8.058058058058057416e-01 1.000000000000000000e+00
-8.038038038038037847e-01 1.000000000000000000e+00
-8.018018018018018278e-01 1.000000000000000000e+00
-7.997997997997998709e-01 1.000000000000000000e+00
-7.977977977977978030e-01 1.000000000000000000e+00
-7.957957957957957351e-01 1.000000000000000000e+00
-7.937937937937937782e-01 1.000000000000000000e+00
-7.917917917917918214e-01 1.000000000000000000e+00
-7.897897897897897534e-01 1.000000000000000000e+00
-7.877877877877877966e-01 1.000000000000000000e+00
-7.857857857857857287e-01 1.000000000000000000e+00
-7.837837837837837718e-01 1.000000000000000000e+00
-7.817817817817818149e-01 1.000000000000000000e+00
-7.797797797797797470e-01 1.000000000000000000e+00
-7.777777777777777901e-01 1.000000000000000000e+00
-7.757757757757757222e-01 1.000000000000000000e+00
-7.737737737737737653e-01 1.000000000000000000e+00
-7.717717717717718084e-01 1.000000000000000000e+00
-7.697697697697697405e-01 1.000000000000000000e+00
-7.677677677677677837e-01 1.000000000000000000e+00
-7.657657657657657158e-01 1.000000000000000000e+00
-7.637637637637637589e-01 1.000000000000000000e+00
-7.617617617617618020e-01 1.000000000000000000e+00
-7.597597597597597341e-01 1.000000000000000000e+00
-7.577577577577577772e-01 1.000000000000000000e+00
-7.557557557557557093e-01 1.000000000000000000e+00
-7.537537537537537524e-01 1.000000000000000000e+00
-7.517517517517517955e-01 1.000000000000000000e+00
-7.497497497497497276e-01 1.000000000000000000e+00
-7.477477477477477708e-01 1.000000000000000000e+00
-7.457457457457457028e-01 1.000000000000000000e+00
-7.437437437437437460e-01 1.000000000000000000e+00
-7.417417417417417891e-01 1.000000000000000000e+00
-7.397397397397397212e-01 1.000000000000000000e+00
-7.377377377377377643e-01 1.000000000000000000e+00
-7.357357357357356964e-01 1.000000000000000000e+00
-7.337337337337337395e-01 1.000000000000000000e+00
-7.317317317317317826e-01 1.000000000000000000e+00
-7.297297297297297147e-01 1.000000000000000000e+00
-7.277277277277277578e-01 1.000000000000000000e+00
-7.257257257257256899e-01 1.000000000000000000e+00
-7.237237237237237331e-01 1.000000000000000000e+00
-7.217217217217217762e-01 1.000000000000000000e+00
-7.197197197197197083e-01 1.000000000000000000e+00
-7.177177177177176404e-01 1.000000000000000000e+00
-7.157157157157156835e-01 1.000000000000000000e+00
-7.137137137137137266e-01 1.000000000000000000e+00
-7.117117117117117697e-01 1.000000000000000000e+00
-7.097097097097097018e-01 1.000000000000000000e+00
-7.077077077077076339e-01 1.000000000000000000e+00
-7.057057057057056770e-01 1.000000000000000000e+00
-7.037037037037037202e-01 1.000000000000000000e+00
-7.017017017017017633e-01 1.000000000000000000e+00
-6.996996996996996954e-01 1.000000000000000000e+00
-6.976976976976976275e-01 1.000000000000000000e+00
-6.956956956956956706e-01 1.000000000000000000e+00
-6.936936936936937137e-01 1.000000000000000000e+00
-6.916916916916917568e-01 1.000000000000000000e+00
-6.896896896896896889e-01 1.000000000000000000e+00
-6.876876876876876210e-01 1.000000000000000000e+00
-6.856856856856856641e-01 1.000000000000000000e+00
-6.836836836836837072e-01 1.000000000000000000e+00
-6.816816816816817504e-01 1.000000000000000000e+00
-6.796796796796796825e-01 1.000000000000000000e+00
-6.776776776776776146e-01 1.000000000000000000e+00
-6.756756756756756577e-01 1.000000000000000000e+00
-6.736736736736737008e-01 1.000000000000000000e+00
-6.716716716716717439e-01 1.000000000000000000e+00
-6.696696696696696760e-01 1.000000000000000000e+00
-6.676676676676676081e-01 1.000000000000000000e+00
-6.656656656656656512e-01 1.000000000000000000e+00
-6.636636636636636943e-01 1.000000000000000000e+00
-6.616616616616617375e-01 1.000000000000000000e+00
-6.596596596596596696e-01 1.000000000000000000e+00
-6.576576576576576016e-01 1.000000000000000000e+00
-6.556556556556556448e-01 1.000000000000000000e+00
-6.536536536536536879e-01 1.000000000000000000e+00
-6.516516516516517310e-01 1.000000000000000000e+00
-6.496496496496496631e-01 1.000000000000000000e+00
-6.476476476476475952e-01 1.000000000000000000e+00
-6.456456456456456383e-01 1.000000000000000000e+00
-6.436436436436436814e-01 1.000000000000000000e+00
-6.416416416416417245e-01 1.000000000000000000e+00
-6.396396396396396566e-01 1.000000000000000000e+00
-6.376376376376375887e-01 1.000000000000000000e+00
-6.356356356356356319e-01 1.000000000000000000e+00
-6.336336336336336750e-01 1.000000000000000000e+00
-6.316316316316316071e-01 1.000000000000000000e+00
-6.296296296296296502e-01 1.000000000000000000e+00
-6.276276276276275823e-01 1.000000000000000000e+00
-6.256256256256256254e-01 1.000000000000000000e+00
-6.236236236236236685e-01 1.000000000000000000e+00
-6.216216216216216006e-01 1.000000000000000000e+00
-6.196196196196196437e-01 1.000000000000000000e+00
-6.176176176176175758e-01 1.000000000000000000e+00
-6.156156156156156189e-01 1.000000000000000000e+00
-6.136136136136136621e-01 1.000000000000000000e+00
-6.116116116116115942e-01 1.000000000000000000e+00
-6.096096096096096373e-01 1.000000000000000000e+00
-6.076076076076075694e-01 1.000000000000000000e+00
-6.056056056056056125e-01 1.000000000000000000e+00
-6.036036036036036556e-01 1.000000000000000000e+00
-6.016016016016015877e-01 1.000000000000000000e+00
-5.995995995995996308e-01 1.000000000000000000e+00
-5.975975975975975629e-01 1.000000000000000000e+00
-5.955955955955956060e-01 1.000000000000000000e+00
-5.935935935935936492e-01 1.000000000000000000e+00
-5.915915915915915813e-01 1.000000000000000000e+00
-5.895895895895895134e-01 1.000000000000000000e+00
-5.875875875875875565e-01 1.000000000000000000e+00
-5.855855855855855996e-01 1.000000000000000000e+00
-5.835835835835836427e-01 1.000000000000000000e+00
-5.815815815815815748e-01 1.000000000000000000e+00
-5.795795795795795069e-01 1.000000000000000000e+00
-5.775775775775775500e-01 1.000000000000000000e+00
-5.755755755755755931e-01 1.000000000000000000e+00
-5.735735735735736363e-01 1.000000000000000000e+00
-5.715715715715715683e-01 1.000000000000000000e+00
-5.695695695695695004e-01 1.000000000000000000e+00
-5.675675675675675436e-01 1.000000000000000000e+00
-5.655655655655655867e-01 1.000000000000000000e+00
-5.635635635635636298e-01 1.000000000000000000e+00
-5.615615615615615619e-01 1.000000000000000000e+00
-5.595595595595594940e-01 1.000000000000000000e+00
-5.575575575575575371e-01 1.000000000000000000e+00
-5.555555555555555802e-01 1.000000000000000000e+00
-5.535535535535536233e-01 1.000000000000000000e+00
-5.515515515515515554e-01 1.000000000000000000e+00
-5.495495495495494875e-01 1.000000000000000000e+00
-5.475475475475475307e-01 1.000000000000000000e+00
-5.455455455455455738e-01 1.000000000000000000e+00
-5.435435435435436169e-01 1.000000000000000000e+00
-5.415415415415415490e-01 1.000000000000000000e+00
-5.395395395395394811e-01 1.000000000000000000e+00
-5.375375375375375242e-01 1.000000000000000000e+00
-5.355355355355355673e-01 1.000000000000000000e+00
-5.335335335335336104e-01 1.000000000000000000e+00
-5.315315315315315425e-01 1.000000000000000000e+00
-5.295295295295294746e-01 1.000000000000000000e+00
-5.275275275275275177e-01 1.000000000000000000e+00
-5.255255255255255609e-01 1.000000000000000000e+00
-5.235235235235236040e-01 1.000000000000000000e+00
-5.215215215215215361e-01 1.000000000000000000e+00
-5.195195195195194682e-01 1.000000000000000000e+00
-5.175175175175175113e-01 1.000000000000000000e+00
-5.155155155155155544e-01 1.000000000000000000e+00
-5.135135135135135975e-01 1.000000000000000000e+00
-5.115115115115115296e-01 1.000000000000000000e+00
-5.095095095095094617e-01 1.000000000000000000e+00
-5.075075075075075048e-01 1.000000000000000000e+00
-5.055055055055055480e-01 1.000000000000000000e+00
-5.035035035035034801e-01 1.000000000000000000e+00
-5.015015015015015232e-01 1.000000000000000000e+00
-4.994994994994994553e-01 1.000000000000000000e+00
-4.974974974974974984e-01 1.000000000000000000e+00
-4.954954954954955415e-01 1.000000000000000000e+00
-4.934934934934934736e-01 1.000000000000000000e+00
-4.914914914914915167e-01 1.000000000000000000e+00
-4.894894894894894488e-01 1.000000000000000000e+00
-4.874874874874874919e-01 1.000000000000000000e+00
-4.854854854854855351e-01 1.000000000000000000e+00
-4.834834834834834671e-01 1.000000000000000000e+00
-4.814814814814815103e-01 1.000000000000000000e+00
-4.794794794794794424e-01 1.000000000000000000e+00
-4.774774774774774855e-01 1.000000000000000000e+00
-4.754754754754755286e-01 1.000000000000000000e+00
-4.734734734734734607e-01 1.000000000000000000e+00
-4.714714714714715038e-01 1.000000000000000000e+00
-4.694694694694694359e-01 1.000000000000000000e+00
-4.674674674674674790e-01 1.000000000000000000e+00
-4.654654654654655221e-01 1.000000000000000000e+00
-4.634634634634634542e-01 1.000000000000000000e+00
-4.614614614614614974e-01 1.000000000000000000e+00
-4.594594594594594295e-01 1.000000000000000000e+00
-4.574574574574574726e-01 1.000000000000000000e+00
-4.554554554554555157e-01 1.000000000000000000e+00
-4.534534534534534478e-01 1.000000000000000000e+00
-4.514514514514514909e-01 1.000000000000000000e+00
-4.494494494494494230e-01 1.000000000000000000e+00
-4.474474474474474661e-01 1.000000000000000000e+00
-4.454454454454453982e-01 1.000000000000000000e+00
-4.434434434434434413e-01 1.000000000000000000e+00
-4.414414414414414845e-01 1.000000000000000000e+00
-4.394394394394394165e-01 1.000000000000000000e+00
-4.374374374374374597e-01 1.000000000000000000e+00
-4.354354354354353918e-01 1.000000000000000000e+00
-4.334334334334334349e-01 1.000000000000000000e+00
-4.314314314314314780e-01 1.000000000000000000e+00
-4.294294294294294101e-01 1.000000000000000000e+00
-4.274274274274274532e-01 1.000000000000000000e+00
-4.254254254254253853e-01 1.000000000000000000e+00
-4.234234234234234284e-01 1.000000000000000000e+00
-4.214214214214214715e-01 1.000000000000000000e+00
-4.194194194194194036e-01 1.000000000000000000e+00
-4.174174174174174468e-01 1.000000000000000000e+00
-4.154154154154153789e-01 1.000000000000000000e+00
-4.134134134134134220e-01 1.000000000000000000e+00
-4.114114114114114651e-01 1.000000000000000000e+00
-4.094094094094093972e-01 1.000000000000000000e+00
-4.074074074074074403e-01 1.000000000000000000e+00
-4.054054054054053724e-01 1.000000000000000000e+00
-4.034034034034034155e-01 1.000000000000000000e+00
-4.014014014014014586e-01 1.000000000000000000e+00
-3.993993993993993907e-01 1.000000000000000000e+00
-3.973973973973974338e-01 1.000000000000000000e+00
-3.953953953953953659e-01 1.000000000000000000e+00
-3.933933933933934091e-01 1.000000000000000000e+00
-3.913913913913913412e-01 1.000000000000000000e+00
-3.893893893893893843e-01 1.000000000000000000e+00
-3.873873873873874274e-01 1.000000000000000000e+00
-3.853853853853853595e-01 1.000000000000000000e+00
-3.833833833833834026e-01 1.000000000000000000e+00
-3.813813813813813347e-01 1.000000000000000000e+00
-3.793793793793793778e-01 1.000000000000000000e+00
-3.773773773773774209e-01 1.000000000000000000e+00
-3.753753753753753530e-01 1.000000000000000000e+00
-3.733733733733733962e-01 1.000000000000000000e+00
-3.713713713713713283e-01 1.000000000000000000e+00
-3.693693693693693714e-01 1.000000000000000000e+00
-3.673673673673674145e-01 1.000000000000000000e+00
-3.653653653653653466e-01 1.000000000000000000e+00
-3.633633633633633897e-01 1.000000000000000000e+00
-3.613613613613613218e-01 1.000000000000000000e+00
-3.593593593593593649e-01 1.000000000000000000e+00
-3.573573573573574080e-01 1.000000000000000000e+00
-3.553553553553553401e-01 1.000000000000000000e+00
-3.533533533533533832e-01 1.000000000000000000e+00
-3.513513513513513153e-01 1.000000000000000000e+00
-3.493493493493493585e-01 1.000000000000000000e+00
-3.473473473473474016e-01 1.000000000000000000e+00
-3.453453453453453337e-01 1.000000000000000000e+00
-3.433433433433433768e-01 1.000000000000000000e+00
-3.413413413413413089e-01 1.000000000000000000e+00
-3.393393393393393520e-01 1.000000000000000000e+00
-3.373373373373373951e-01 1.000000000000000000e+00
-3.353353353353353272e-01 1.000000000000000000e+00
-3.333333333333333703e-01 1.000000000000000000e+00
-3.313313313313313024e-01 1.000000000000000000e+00
-3.293293293293293456e-01 1.000000000000000000e+00
-3.273273273273273887e-01 1.000000000000000000e+00
-3.253253253253253208e-01 1.000000000000000000e+00
-3.233233233233233639e-01 1.000000000000000000e+00
-3.213213213213212960e-01 1.000000000000000000e+00
-3.193193193193193391e-01 1.000000000000000000e+00
-3.173173173173172712e-01 1.000000000000000000e+00
-3.153153153153153143e-01 1.000000000000000000e+00
-3.133133133133133574e-01 1.000000000000000000e+00
-3.113113113113112895e-01 1.000000000000000000e+00
-3.093093093093093326e-01 1.000000000000000000e+00
-3.073073073073072647e-01 1.000000000000000000e+00
-3.053053053053053079e-01 1.000000000000000000e+00
-3.033033033033033510e-01 1.000000000000000000e+00
-3.013013013013012831e-01 1.000000000000000000e+00
-2.992992992992993262e-01 1.000000000000000000e+00
-2.972972972972972583e-01 1.000000000000000000e+00
-2.952952952952953014e-01 1.000000000000000000e+00
-2.932932932932933445e-01 1.000000000000000000e+00
-2.912912912912912766e-01 1.000000000000000000e+00
-2.892892892892893197e-01 1.000000000000000000e+00
-2.872872872872872518e-01 1.000000000000000000e+00
-2.852852852852852950e-01 1.000000000000000000e+00
-2.832832832832833381e-01 1.000000000000000000e+00
-2.812812812812812702e-01 1.000000000000000000e+00
-2.792792792792793133e-01 1.000000000000000000e+00
-2.772772772772772454e-01 1.000000000000000000e+00
-2.752752752752752885e-01 1.000000000000000000e+00
-2.732732732732733316e-01 1.000000000000000000e+00
-2.712712712712712637e-01 1.000000000000000000e+00
-2.692692692692693068e-01 1.000000000000000000e+00
-2.672672672672672389e-01 1.000000000000000000e+00
-2.652652652652652820e-01 1.000000000000000000e+00
-2.632632632632632141e-01 1.000000000000000000e+00
-2.612612612612612573e-01 1.000000000000000000e+00
-2.592592592592593004e-01 1.000000000000000000e+00
-2.572572572572572325e-01 1.000000000000000000e+00
-2.552552552552552756e-01 1.000000000000000000e+00
-2.532532532532532077e-01 1.000000000000000000e+00
-2.512512512512512508e-01 1.000000000000000000e+00
-2.492492492492492939e-01 1.000000000000000000e+00
-2.472472472472472260e-01 1.000000000000000000e+00
-2.452452452452452691e-01 1.000000000000000000e+00
-2.432432432432432012e-01 1.000000000000000000e+00
-2.412412412412412444e-01 1.000000000000000000e+00
-2.392392392392392875e-01 1.000000000000000000e+00
-2.372372372372372196e-01 1.000000000000000000e+00
-2.352352352352352627e-01 1.000000000000000000e+00
-2.332332332332331948e-01 1.000000000000000000e+00
-2.312312312312312379e-01 1.000000000000000000e+00
-2.292292292292292810e-01 1.000000000000000000e+00
-2.272272272272272131e-01 1.000000000000000000e+00
-2.252252252252252562e-01 1.000000000000000000e+00
-2.232232232232231883e-01 1.000000000000000000e+00
-2.212212212212212314e-01 1.000000000000000000e+00
-2.192192192192192746e-01 1.000000000000000000e+00
-2.172172172172172067e-01 1.000000000000000000e+00
-2.152152152152152498e-01 1.000000000000000000e+00
-2.132132132132131819e-01 1.000000000000000000e+00
-2.112112112112112250e-01 1.000000000000000000e+00
-2.092092092092092681e-01 1.000000000000000000e+00
-2.072072072072072002e-01 1.000000000000000000e+00
-2.052052052052052433e-01 1.000000000000000000e+00
-2.032032032032031754e-01 1.000000000000000000e+00
-2.012012012012012185e-01 1.000000000000000000e+00
-1.991991991991992617e-01 1.000000000000000000e+00
-1.971971971971971938e-01 1.000000000000000000e+00
-1.951951951951952369e-01 1.000000000000000000e+00
-1.931931931931931690e-01 1.000000000000000000e+00
-1.911911911911912121e-01 1.000000000000000000e+00
-1.891891891891891442e-01 1.000000000000000000e+00
-1.871871871871871873e-01 1.000000000000000000e+00
-1.851851851851852304e-01 1.000000000000000000e+00
-1.831831831831831625e-01 1.000000000000000000e+00
-1.811811811811812056e-01 1.000000000000000000e+00
-1.791791791791791377e-01 1.000000000000000000e+00
-1.771771771771771808e-01 1.000000000000000000e+00
-1.751751751751752240e-01 1.000000000000000000e+00
-1.731731731731731561e-01 1.000000000000000000e+00
-1.711711711711711992e-01 1.000000000000000000e+00
-1.691691691691691313e-01 1.000000000000000000e+00
-1.671671671671671744e-01 1.000000000000000000e+00
-1.651651651651652175e-01 1.000000000000000000e+00
-1.631631631631631496e-01 1.000000000000000000e+00
-1.611611611611611927e-01 1.000000000000000000e+00
-1.591591591591591248e-01 1.000000000000000000e+00
-1.571571571571571679e-01 1.000000000000000000e+00
-1.551551551551552111e-01 1.000000000000000000e+00
-1.531531531531531432e-01 1.000000000000000000e+00
-1.511511511511511863e-01 1.000000000000000000e+00
-1.491491491491491184e-01 1.000000000000000000e+00
-1.471471471471471615e-01 1.000000000000000000e+00
-1.451451451451452046e-01 1.000000000000000000e+00
-1.431431431431431367e-01 1.000000000000000000e+00
-1.411411411411411798e-01 1.000000000000000000e+00
-1.391391391391391119e-01 1.000000000000000000e+00
-1.371371371371371550e-01 1.000000000000000000e+00
-1.351351351351350871e-01 1.000000000000000000e+00
-1.331331331331331302e-01 1.000000000000000000e+00
-1.311311311311311734e-01 1.000000000000000000e+00
-1.291291291291291055e-01 1.000000000000000000e+00
-1.271271271271271486e-01 1.000000000000000000e+00
-1.251251251251250807e-01 1.000000000000000000e+00
-1.231231231231231238e-01 1.000000000000000000e+00
-1.211211211211211669e-01 1.000000000000000000e+00
-1.191191191191190990e-01 1.000000000000000000e+00
-1.171171171171171421e-01 1.000000000000000000e+00
-1.151151151151150742e-01 1.000000000000000000e+00
-1.131131131131131173e-01 1.000000000000000000e+00
-1.111111111111111605e-01 1.000000000000000000e+00
-1.091091091091090926e-01 1.000000000000000000e+00
-1.071071071071071357e-01 1.000000000000000000e+00
-1.051051051051050678e-01 1.000000000000000000e+00
-1.031031031031031109e-01 1.000000000000000000e+00
-1.011011011011011540e-01 1.000000000000000000e+00
-9.909909909909908610e-02 1.000000000000000000e+00
-9.709709709709712921e-02 1.000000000000000000e+00
-9.509509509509506131e-02 1.000000000000000000e+00
-9.309309309309310443e-02 1.000000000000000000e+00
-9.109109109109114755e-02 1.000000000000000000e+00
-8.908908908908907964e-02 1.000000000000000000e+00
-8.708708708708712276e-02 1.000000000000000000e+00
-8.508508508508505486e-02 1.000000000000000000e+00
-8.308308308308309797e-02 1.000000000000000000e+00
-8.108108108108114109e-02 1.000000000000000000e+00
-7.907907907907907319e-02 1.000000000000000000e+00
-7.707707707707711631e-02 1.000000000000000000e+00
-7.507507507507504840e-02 1.000000000000000000e+00
-7.307307307307309152e-02 1.000000000000000000e+00
-7.107107107107113464e-02 1.000000000000000000e+00
-6.906906906906906674e-02 1.000000000000000000e+00
-6.706706706706710985e-02 1.000000000000000000e+00
-6.506506506506504195e-02 1.000000000000000000e+00
-6.306306306306308507e-02 1.000000000000000000e+00
-6.106106106106101716e-02 1.000000000000000000e+00
-5.905905905905906028e-02 1.000000000000000000e+00
-5.705705705705710340e-02 1.000000000000000000e+00
-5.505505505505503550e-02 1.000000000000000000e+00
-5.305305305305307861e-02 1.000000000000000000e+00
-5.105105105105101071e-02 1.000000000000000000e+00
-4.904904904904905383e-02 1.000000000000000000e+00
-4.704704704704709695e-02 1.000000000000000000e+00
-4.504504504504502904e-02 1.000000000000000000e+00
-4.304304304304307216e-02 1.000000000000000000e+00
-4.104104104104100426e-02 9.999999999999998890e-01
-3.903903903903904737e-02 9.999999999999997780e-01
-3.703703703703709049e-02 9.999999999999996669e-01
-3.503503503503502259e-02 9.999999999999995559e-01
-3.303303303303306571e-02 9.999999999999995559e-01
-3.103103103103099780e-02 9.999999999999995559e-01
-2.902902902902904092e-02 9.999999999999995559e-01
-2.702702702702708404e-02 9.999999999999995559e-01
-2.502502502502501613e-02 9.999999999999995559e-01
-2.302302302302305925e-02 9.999999999999995559e-01
-2.102102102102099135e-02 9.999999999999995559e-01
-1.901901901901903447e-02 9.999999999999995559e-01
-1.701701701701707758e-02 9.999999999999995559e-01
-1.501501501501500968e-02 9.999999999999995559e-01
-1.301301301301305280e-02 9.999999999999995559e-01
-1.101101101101098489e-02 9.999999999999995559e-01
-9.009009009009028013e-03 9.999999999999995559e-01
-7.007007007006960109e-03 9.999999999999995559e-01
-5.005005005005003227e-03 9.999999999999995559e-01
-3.003003003003046345e-03 9.999999999999995559e-01
-1.001001001000978441e-03 9.999999999999995559e-01
1.001001001001089463e-03 9.999999999999995559e-01
3.003003003003046345e-03 9.999999999999995559e-01
5.005005005005003227e-03 9.999999999999995559e-01
7.007007007006960109e-03 9.999999999999995559e-01
9.009009009008916991e-03 9.999999999999995559e-01
1.101101101101109592e-02 9.999999999999995559e-01
1.301301301301305280e-02 9.999999999999995559e-01
1.501501501501500968e-02 9.999999999999995559e-01
1.701701701701696656e-02 9.999999999999995559e-01
1.901901901901892344e-02 9.999999999999995559e-01
2.102102102102110237e-02 9.999999999999995559e-01
2.302302302302305925e-02 9.999999999999995559e-01
2.502502502502501613e-02 9.999999999999995559e-01
2.702702702702697302e-02 9.999999999999995559e-01
2.902902902902892990e-02 9.999999999999995559e-01
3.103103103103110882e-02 9.999999999999995559e-01
3.303303303303306571e-02 9.999999999999995559e-01
3.503503503503502259e-02 9.999999999999995559e-01
3.703703703703697947e-02 9.999999999999995559e-01
3.903903903903893635e-02 9.999999999999995559e-01
4.104104104104111528e-02 9.999999999999995559e-01
4.304304304304307216e-02 9.999999999999995559e-01
4.504504504504502904e-02 9.999999999999995559e-01
4.704704704704698592e-02 9.999999999999995559e-01
4.904904904904894281e-02 9.999999999999995559e-01
5.105105105105112173e-02 9.999999999999995559e-01
5.305305305305307861e-02 9.999999999999995559e-01
5.505505505505503550e-02 9.999999999999995559e-01
5.705705705705699238e-02 9.999999999999995559e-01
5.905905905905894926e-02 9.999999999999995559e-01
6.106106106106112819e-02 9.999999999999995559e-01
6.306306306306308507e-02 9.999999999999995559e-01
6.506506506506504195e-02 9.999999999999995559e-01
6.706706706706699883e-02 9.999999999999995559e-01
6.906906906906895571e-02 9.999999999999995559e-01
7.107107107107113464e-02 9.999999999999995559e-01
7.307307307307309152e-02 9.999999999999995559e-01
7.507507507507504840e-02 9.999999999999995559e-01
7.707707707707700528e-02 9.999999999999995559e-01
7.907907907907896217e-02 9.999999999999995559e-01
8.108108108108114109e-02 9.999999999999995559e-01
8.308308308308309797e-02 9.999999999999995559e-01
8.508508508508505486e-02 9.999999999999995559e-01
8.708708708708701174e-02 9.999999999999995559e-01
8.908908908908896862e-02 9.999999999999995559e-01
9.109109109109114755e-02 9.999999999999995559e-01
9.309309309309310443e-02 9.999999999999995559e-01
9.509509509509506131e-02 9.999999999999995559e-01
9.709709709709701819e-02 9.999999999999995559e-01
9.909909909909919712e-02 9.999999999999995559e-01
1.011011011011011540e-01 9.999999999999995559e-01
1.031031031031031109e-01 9.999999999999995559e-01
1.051051051051050678e-01 9.999999999999995559e-01
1.071071071071070246e-01 9.999999999999995559e-01
1.091091091091092036e-01 9.999999999999995559e-01
1.111111111111111605e-01 9.999999999999995559e-01
1.131131131131131173e-01 9.999999999999995559e-01
1.151151151151150742e-01 9.999999999999995559e-01
1.171171171171170311e-01 9.999999999999995559e-01
1.191191191191192100e-01 9.999999999999995559e-01
1.211211211211211669e-01 9.999999999999995559e-01
1.231231231231231238e-01 9.999999999999995559e-01
1.251251251251250807e-01 9.999999999999995559e-01
1.271271271271270376e-01 9.999999999999995559e-01
1.291291291291292165e-01 9.999999999999995559e-01
1.311311311311311734e-01 9.999999999999995559e-01
1.331331331331331302e-01 9.999999999999995559e-01
1.351351351351350871e-01 9.999999999999995559e-01
1.371371371371370440e-01 9.999999999999995559e-01
1.391391391391392229e-01 9.999999999999995559e-01
1.411411411411411798e-01 9.999999999999995559e-01
1.431431431431431367e-01 9.999999999999995559e-01
1.451451451451450936e-01 9.999999999999995559e-01
1.471471471471470505e-01 9.999999999999995559e-01
1.491491491491492294e-01 9.999999999999995559e-01
1.511511511511511863e-01 9.999999999999995559e-01
1.531531531531531432e-01 9.999999999999995559e-01
1.551551551551551000e-01 9.999999999999995559e-01
1.571571571571570569e-01 9.999999999999995559e-01
1.591591591591592358e-01 9.999999999999995559e-01
1.611611611611611927e-01 9.999999999999995559e-01
1.631631631631631496e-01 9.999999999999995559e-01
1.651651651651651065e-01 9.999999999999995559e-01
1.671671671671670634e-01 9.999999999999995559e-01
1.691691691691692423e-01 9.999999999999995559e-01
1.711711711711711992e-01 9.999999999999995559e-01
1.731731731731731561e-01 9.999999999999995559e-01
1.751751751751751129e-01 9.999999999999995559e-01
1.771771771771770698e-01 9.999999999999995559e-01
1.791791791791792487e-01 9.999999999999995559e-01
1.811811811811812056e-01 9.999999999999995559e-01
1.831831831831831625e-01 9.999999999999995559e-01
1.851851851851851194e-01 9.999999999999995559e-01
1.871871871871870763e-01 9.999999999999995559e-01
1.891891891891892552e-01 9.999999999999995559e-01
1.911911911911912121e-01 9.999999999999995559e-01
1.931931931931931690e-01 9.999999999999995559e-01
1.951951951951951258e-01 9.999999999999995559e-01
1.971971971971970827e-01 9.999999999999995559e-01
1.991991991991992617e-01 9.999999999999995559e-01
2.012012012012012185e-01 9.999999999999995559e-01
2.032032032032031754e-01 9.999999999999995559e-01
2.052052052052051323e-01 9.999999999999995559e-01
2.072072072072070892e-01 9.999999999999995559e-01
2.092092092092092681e-01 9.999999999999995559e-01
2.112112112112112250e-01 9.999999999999995559e-01
2.132132132132131819e-01 9.999999999999995559e-01
2.152152152152151388e-01 9.999999999999995559e-01
2.172172172172173177e-01 9.999999999999995559e-01
2.192192192192192746e-01 9.999999999999995559e-01
2.212212212212212314e-01 9.999999999999995559e-01
2.232232232232231883e-01 9.999999999999995559e-01
2.252252252252251452e-01 9.999999999999995559e-01
2.272272272272273241e-01 9.999999999999995559e-01
2.292292292292292810e-01 9.999999999999995559e-01
2.312312312312312379e-01 9.999999999999995559e-01
2.332332332332331948e-01 9.999999999999995559e-01
2.352352352352351517e-01 9.999999999999995559e-01
2.372372372372373306e-01 9.999999999999995559e-01
2.392392392392392875e-01 9.999999999999995559e-01
2.412412412412412444e-01 9.999999999999995559e-01
2.432432432432432012e-01 9.999999999999995559e-01
2.452452452452451581e-01 9.999999999999995559e-01
2.472472472472473370e-01 9.999999999999995559e-01
2.492492492492492939e-01 9.999999999999995559e-01
2.512512512512512508e-01 9.999999999999995559e-01
2.532532532532532077e-01 9.999999999999995559e-01
2.552552552552551646e-01 9.999999999999995559e-01
2.572572572572573435e-01 9.999999999999995559e-01
2.592592592592593004e-01 9.999999999999995559e-01
2.612612612612612573e-01 9.999999999999995559e-01
2.632632632632632141e-01 9.999999999999995559e-01
2.652652652652651710e-01 9.999999999999995559e-01
2.672672672672673500e-01 9.999999999999995559e-01
2.692692692692693068e-01 9.999999999999995559e-01
2.712712712712712637e-01 9.999999999999995559e-01
2.732732732732732206e-01 9.999999999999995559e-01
2.752752752752751775e-01 9.999999999999995559e-01
2.772772772772773564e-01 9.999999999999995559e-01
2.792792792792793133e-01 9.999999999999995559e-01
2.812812812812812702e-01 9.999999999999995559e-01
2.832832832832832270e-01 9.999999999999995559e-01
2.852852852852851839e-01 9.999999999999995559e-01
2.872872872872873629e-01 9.999999999999995559e-01
2.892892892892893197e-01 9.999999999999995559e-01
2.912912912912912766e-01 9.999999999999995559e-01
2.932932932932932335e-01 9.999999999999995559e-01
2.952952952952951904e-01 9.999999999999995559e-01
2.972972972972973693e-01 9.999999999999995559e-01
2.992992992992993262e-01 9.999999999999995559e-01
3.013013013013012831e-01 9.999999999999995559e-01
3.033033033033032400e-01 9.999999999999995559e-01
3.053053053053051968e-01 9.999999999999995559e-01
3.073073073073073758e-01 9.999999999999995559e-01
3.093093093093093326e-01 9.999999999999995559e-01
3.113113113113112895e-01 9.999999999999995559e-01
3.133133133133132464e-01 9.999999999999995559e-01
3.153153153153152033e-01 9.999999999999995559e-01
3.173173173173173822e-01 9.999999999999995559e-01
3.193193193193193391e-01 9.999999999999995559e-01
3.213213213213212960e-01 9.999999999999995559e-01
3.233233233233232529e-01 9.999999999999995559e-01
3.253253253253252097e-01 9.999999999999995559e-01
3.273273273273273887e-01 9.999999999999995559e-01
3.293293293293293456e-01 9.999999999999995559e-01
3.313313313313313024e-01 9.999999999999995559e-01
3.333333333333332593e-01 9.999999999999995559e-01
3.353353353353352162e-01 9.999999999999995559e-01
3.373373373373373951e-01 9.999999999999995559e-01
3.393393393393393520e-01 9.999999999999995559e-01
3.413413413413413089e-01 9.999999999999997780e-01
3.433433433433432658e-01 1.000000000000000666e+00
3.453453453453452227e-01 1.000000000000002220e+00
3.473473473473474016e-01 9.999999999999981126e-01
3.493493493493493585e-01 9.999999999999631406e-01
3.513513513513513153e-01 9.999999999998508970e-01
3.533533533533532722e-01 9.999999999997301048e-01
3.553553553553554512e-01 1.000000000000424327e+00
3.573573573573574080e-01 1.000000000004886980e+00
3.593593593593593649e-01 1.000000000017358115e+00
3.613613613613613218e-01 1.000000000024377833e+00
3.633633633633632787e-01 9.999999999184746580e-01
3.653653653653654576e-01 9.999999993634060003e-01
3.673673673673674145e-01 9.999999980281224499e-01
3.693693693693693714e-01 9.999999981284506401e-01
3.713713713713713283e-01 1.000000013309734870e+00
3.733733733733732851e-01 1.000000080673019376e+00
3.753753753753754641e-01 1.000000217034947347e+00
3.773773773773774209e-01 1.000000088999476899e+00
3.793793793793793778e-01 9.999980074099765748e-01
3.813813813813813347e-01 9.999900313845517807e-01
3.833833833833832916e-01 9.999770186863283783e-01
3.853853853853854705e-01 1.000006306932095912e+00
3.873873873873874274e-01 1.000281937625850270e+00
3.893893893893893843e-01 1.001201610136996933e+00
3.913913913913913412e-01 1.002302505715672032e+00
3.933933933933932980e-01 9.971036026186803625e-01
3.953953953953954770e-01 9.614788560136765527e-01
3.973973973973974338e-01 8.508566961068320111e-01
3.993993993993993907e-01 6.431607534362843159e-01
4.014014014014013476e-01 3.935553165683133292e-01
4.034034034034033045e-01 1.930802244667751411e-01
4.054054054054054834e-01 7.863011495128227613e-02
4.074074074074074403e-01 2.810371669242862219e-02
4.094094094094093972e-01 9.276831712828536788e-03
4.114114114114113541e-01 2.930327108243124031e-03
4.134134134134133109e-01 9.047273963111903804e-04
4.154154154154154899e-01 2.761888981671355202e-04
4.174174174174174468e-01 8.385658503688164247e-05
4.194194194194194036e-01 2.539583694136584462e-05
4.214214214214213605e-01 7.682060943336850592e-06
4.234234234234233174e-01 2.322524251150452728e-06
4.254254254254254963e-01 7.020005778098711648e-07
4.274274274274274532e-01 2.121618609820101745e-07
4.294294294294294101e-01 6.411740784560097027e-08
4.314314314314313670e-01 1.937649165493809585e-08
4.334334334334333239e-01 5.855583089028941319e-09
4.354354354354355028e-01 1.769551934144687173e-09
4.374374374374374597e-01 5.347560266335651772e-10
4.394394394394394165e-01 1.616023733913639983e-10
4.414414414414413734e-01 4.883595196151118156e-11
4.434434434434433303e-01 1.475813723473548846e-11
4.454454454454455092e-01 4.459882640233829989e-12
4.474474474474474661e-01 1.347768584839115080e-12
4.494494494494494230e-01 4.072932784670846705e-13
4.514514514514513799e-01 1.230833109700829942e-13
4.534534534534533368e-01 3.719556050145317920e-14
4.554554554554555157e-01 1.124043322142848089e-14
4.574574574574574726e-01 3.396839229734368773e-15
4.594594594594594295e-01 1.026518853662192852e-15
4.614614614614613863e-01 3.102121889249486572e-16
4.634634634634633432e-01 9.374557368225005234e-17
4.654654654654655221e-01 2.832974490578859690e-17
4.674674674674674790e-01 8.561197809520362150e-18
4.694694694694694359e-01 2.587178356324192190e-18
4.714714714714713928e-01 7.818405154644934192e-19
4.734734734734735717e-01 2.362707364449571081e-19
4.754754754754755286e-01 7.140056579542834754e-20
4.774774774774774855e-01 2.157711231505938156e-20
4.794794794794794424e-01 6.520560626732681374e-21
4.814814814814813992e-01 1.970500248004823716e-21
4.834834834834835782e-01 5.954811079094290753e-22
4.854854854854855351e-01 1.799531340191955679e-22
4.874874874874874919e-01 5.438144842166388501e-23
4.894894894894894488e-01 1.643395343219132659e-23
4.914914914914914057e-01 4.966303487287948672e-24
4.934934934934935846e-01 1.500805380620524974e-24
4.954954954954955415e-01 4.535398137869047430e-25
4.974974974974974984e-01 1.370586253988171863e-25
4.994994994994994553e-01 4.141877407965197271e-26
5.015015015015014122e-01 1.251664754786370709e-26
5.035035035035035911e-01 3.782498126308285483e-27
5.055055055055055480e-01 1.143060817389186219e-27
5.075075075075075048e-01 3.454298600273091611e-28
5.095095095095094617e-01 1.043879438807572327e-28
5.115115115115114186e-01 3.154574193499279155e-29
5.135135135135135975e-01 9.533032964387332975e-30
5.155155155155155544e-01 2.880855009036210752e-30
5.175175175175175113e-01 8.705860008869075196e-31
5.195195195195194682e-01 2.630885488225005057e-31
5.215215215215214251e-01 7.950459268904923044e-32
5.235235235235236040e-01 2.402605755286166911e-32
5.255255255255255609e-01 7.260605719355847960e-33
5.275275275275275177e-01 2.194134559163605283e-33
5.295295295295294746e-01 6.630613991519728096e-34
5.315315315315314315e-01 2.003753686432179605e-34
5.335335335335336104e-01 6.055291278989692902e-35
5.355355355355355673e-01 1.829893738895121280e-35
5.375375375375375242e-01 5.529894408111213612e-36
5.395395395395394811e-01 1.671121182440439350e-36
5.415415415415414380e-01 5.050090785781590578e-37
5.435435435435436169e-01 1.526126575940065758e-37
5.455455455455455738e-01 4.611922925736114392e-38
5.475475475475475307e-01 1.393713879891229360e-38
5.495495495495494875e-01 4.211776212350273400e-39
5.515515515515514444e-01 1.272790728819712218e-39
5.535535535535536233e-01 3.846349511570018215e-40
5.555555555555555802e-01 1.162359538579216812e-40
5.575575575575575371e-01 3.512628214701847817e-41
5.595595595595594940e-01 1.061509319527847284e-41
5.615615615615614509e-01 3.207859327220251036e-42
5.635635635635636298e-01 9.694080832444463387e-43
5.655655655655655867e-01 2.929528288572038376e-43
5.675675675675675436e-01 8.852957573577789337e-44
5.695695695695695004e-01 2.675337291945218056e-44
5.715715715715714573e-01 8.084775438123503523e-45
5.735735735735736363e-01 2.443184906385559049e-45
5.755755755755755931e-01 7.383176525226576550e-46
5.775775775775775500e-01 2.231146742340038494e-46
5.795795795795795069e-01 6.742333071156200438e-47
5.815815815815814638e-01 2.037456748274200362e-47
5.835835835835836427e-01 6.156888625729715419e-48
5.855855855855855996e-01 1.860488540788823436e-48
5.875875875875875565e-01 5.621898220108426490e-49
5.895895895895895134e-01 1.698736047974233576e-49
5.915915915915914702e-01 5.132765218753561494e-50
5.935935935935936492e-01 1.550792773178181514e-50
5.955955955955956060e-01 4.685172945306809145e-51
5.975975975975975629e-01 1.415329220323118939e-51
5.995995995995995198e-01 4.275010282754563927e-52
6.016016016016014767e-01 1.291068500188953052e-52
6.036036036036036556e-01 3.898292403815561841e-53
6.056056056056056125e-01 1.176760912810562023e-53
6.076076076076075694e-01 3.551080802183771839e-54
6.096096096096095263e-01 1.071159451929388992e-54
6.116116116116117052e-01 3.229411101874877137e-55
6.136136136136136621e-01 9.729997501275562138e-56
6.156156156156156189e-01 2.929242690237429736e-56
6.176176176176175758e-01 8.809898790652359958e-57
6.196196196196195327e-01 2.646450355752463991e-57
6.216216216216217116e-01 7.938172720002678030e-58
6.236236236236236685e-01 2.376883143103693826e-58
6.256256256256256254e-01 7.101811514599968310e-59
6.276276276276275823e-01 2.116516884326924627e-59
6.296296296296295392e-01 6.288582498563248192e-60
6.316316316316317181e-01 1.861720990021558258e-60
6.336336336336336750e-01 5.488062312750317957e-61
6.356356356356356319e-01 1.609643891465342815e-61
6.376376376376375887e-01 4.693022112427484120e-62
6.396396396396395456e-01 1.358693229975899018e-62
6.416416416416417245e-01 3.901029833343212607e-63
6.436436436436436814e-01 1.109047819032852714e-63
6.456456456456456383e-01 3.116001212277868330e-64
6.476476476476475952e-01 8.630947281411434605e-65
6.496496496496495521e-01 2.349298920742935213e-65
6.516516516516517310e-01 6.256485262629509813e-66
6.536536536536536879e-01 1.619895326645089708e-66
6.556556556556556448e-01 4.037975917123187253e-67
6.576576576576576016e-01 9.531359677922004135e-68
6.596596596596595585e-01 2.062522861394371178e-68
6.616616616616617375e-01 3.778182870886617507e-69
6.636636636636636943e-01 4.215378855464407646e-70
6.656656656656656512e-01 -7.834730664414861221e-71
6.676676676676676081e-01 -8.056159272155772636e-71
6.696696696696695650e-01 -3.943375456371142516e-71
6.716716716716717439e-01 -1.569830686692735897e-71
6.736736736736737008e-01 -5.614053413457319140e-72
6.756756756756756577e-01 -1.868239598741512186e-72
6.776776776776776146e-01 -5.872175843037549183e-73
6.796796796796795714e-01 -1.753217337792456344e-73
6.816816816816817504e-01 -4.970760592798035956e-74
6.836836836836837072e-01 -1.330279571863639384e-74
6.856856856856856641e-01 -3.312139231730965026e-75
6.876876876876876210e-01 -7.430191416596825413e-76
6.896896896896895779e-01 -1.381044072671495143e-76
6.916916916916917568e-01 -1.467809057177221222e-77
6.936936936936937137e-01 3.504624370616159206e-78
6.956956956956956706e-01 3.232825975961946647e-78
6.976976976976976275e-01 1.523066987648837432e-78
6.996996996996995843e-01 5.812252301661468771e-79
7.017017017017017633e-01 1.966337570915295254e-79
7.037037037037037202e-01 6.073816473901285253e-80
7.057057057057056770e-01 1.725495139518949247e-80
7.077077077077076339e-01 4.472581609458330116e-81
7.097097097097095908e-01 1.027043265733401327e-81
7.117117117117117697e-01 1.915756912151128246e-82
7.137137137137137266e-01 1.917255337904899013e-83
7.157157157157156835e-01 -5.655248011941592742e-84
7.177177177177176404e-01 -4.770417939358937375e-84
7.197197197197195973e-01 -2.162122105707693714e-84
7.217217217217217762e-01 -7.904238044747450205e-85
7.237237237237237331e-01 -2.527855148998566762e-85
7.257257257257256899e-01 -7.224123770377994430e-86
7.277277277277276468e-01 -1.830743454469351716e-86
7.297297297297298257e-01 -3.932323765400543701e-87
7.317317317317317826e-01 -6.054473257549418398e-88
7.337337337337337395e-01 1.433546680668563766e-90
7.357357357357356964e-01 5.198118890568636063e-89
7.377377377377376533e-01 2.822495360330735823e-89
7.397397397397398322e-01 1.097493283033087494e-89
7.417417417417417891e-01 3.582060882475709525e-90
7.437437437437437460e-01 1.017651949055452905e-90
7.457457457457457028e-01 2.492376745685074803e-91
7.477477477477476597e-01 4.904858669539846131e-92
7.497497497497498387e-01 5.502171825425263086e-93
7.517517517517517955e-01 -1.157164346332836591e-93
7.537537537537537524e-01 -1.083280653093792802e-93
7.557557557557557093e-01 -4.838896321255015780e-94
7.577577577577576662e-01 -1.682679802697268683e-94
7.597597597597598451e-01 -4.940477224516535107e-95
7.617617617617618020e-01 -1.227737625588744362e-95
7.637637637637637589e-01 -2.408192793961135738e-96
7.657657657657657158e-01 -2.549374154421554368e-97
7.677677677677676726e-01 6.553021071665328170e-98
7.697697697697698516e-01 5.588914826720652528e-98
7.717717717717718084e-01 2.406037552740670205e-98
7.737737737737737653e-01 8.036304298010418114e-99
7.757757757757757222e-01 2.229912955396477997e-99
7.777777777777776791e-01 5.042768610779004625e-100
7.797797797797798580e-01 7.950689962310606355e-101
7.817817817817818149e-01 -1.486712449615661896e-103
7.837837837837837718e-01 -6.648132653810870847e-102
7.857857857857857287e-01 -3.449875115503404150e-102
7.877877877877876855e-01 -1.244775014368754790e-102
7.897897897897898645e-01 -3.614704367741880053e-103
7.917917917917918214e-01 -8.468818311367686991e-104
7.937937937937937782e-01 -1.403908901944313949e-104
7.957957957957957351e-01 -2.845149000860278911e-106
7.977977977977976920e-01 1.005139776106729366e-105
7.997997997997998709e-01 5.394786849703080588e-106
8.018018018018018278e-01 1.942135049220283536e-106
8.038038038038037847e-01 5.522702397296073073e-107
8.058058058058057416e-01 1.232874242654269263e-107
8.078078078078076985e-01 1.774994482701137337e-108
8.098098098098098774e-01 -1.022769360503383716e-109
8.118118118118118343e-01 -1.963639629430356960e-109
8.138138138138137911e-01 -9.110274982634921054e-110
8.158158158158157480e-01 -3.008350423038578737e-110
8.178178178178177049e-01 -7.778567928567679228e-111
8.198198198198198838e-01 -1.476463237324139618e-111
8.218218218218218407e-01 -1.118321384220205062e-112
8.238238238238237976e-01 6.332876315512184495e-113
8.258258258258257545e-01 4.070330435986760564e-113
8.278278278278277114e-01 1.520596930721634127e-113
8.298298298298298903e-01 4.293773535714189673e-114
8.318318318318318472e-01 9.102989038867084634e-115
8.338338338338338041e-01 1.063233804025621139e-115
8.358358358358357609e-01 -2.047095156507082952e-116
8.378378378378377178e-01 -1.864020783601874140e-116
8.398398398398398967e-01 -7.548355988801411727e-117
8.418418418418418536e-01 -2.221419670917971330e-117
8.438438438438438105e-01 -4.870943734672129809e-118
8.458458458458457674e-01 -6.124600661527856959e-119
8.478478478478477243e-01 8.906961609325893284e-120
8.498498498498499032e-01 9.224082411731166487e-120
8.518518518518518601e-01 3.781717997453796369e-120
8.538538538538538170e-01 1.104046409020940213e-120
8.558558558558557738e-01 2.350068446535061589e-121
8.578578578578577307e-01 2.614387053302299443e-122
8.598598598598599096e-01 -5.992188167508449461e-123
8.618618618618618665e-01 -4.954955909329790391e-123
8.638638638638638234e-01 -1.908485793685380541e-123
8.658658658658657803e-01 -5.244475548030639717e-124
8.678678678678679592e-01 -1.005981762051587422e-124
8.698698698698699161e-01 -6.757929588580033332e-126
8.718718718718718730e-01 4.690930162447526936e-126
8.738738738738738299e-01 2.762293555187538940e-126
8.758758758758757867e-01 9.430899510588373013e-127
8.778778778778779657e-01 2.302070780389347937e-127
8.798798798798799226e-01 3.497879840895491837e-128
8.818818818818818794e-01 -1.503057821581639368e-129
8.838838838838838363e-01 -3.439406711053535750e-129
8.858858858858857932e-01 -1.498077201066759603e-129
8.878878878878879721e-01 -4.340777466334497230e-130
8.898898898898899290e-01 -8.640334762060903765e-131
8.918918918918918859e-01 -6.576045550802414205e-132
8.938938938938938428e-01 3.646808311114741998e-132
8.958958958958957997e-01 2.204549901579675465e-132
8.978978978978979786e-01 7.396769924351302267e-133
8.998998998998999355e-01 1.716533746189138936e-133
9.019019019019018923e-01 2.208429993747774146e-134
9.039039039039038492e-01 -3.076349867156659828e-135
9.059059059059058061e-01 -3.116919272415050385e-135
9.079079079079079850e-01 -1.192840520055050572e-135
9.099099099099099419e-01 -3.062314431609979435e-136
9.119119119119118988e-01 -4.822014394343339554e-137
9.139139139139138557e-01 1.523753987508205892e-138
9.159159159159158126e-01 4.388917502181159049e-138
9.179179179179179915e-01 1.874917943872969676e-138
9.199199199199199484e-01 5.133355235931775425e-139
9.219219219219219053e-01 8.872851847666662348e-140
9.239239239239238621e-01 8.405468903075870717e-142
9.259259259259258190e-01 -6.382667798614211971e-141
9.279279279279279979e-01 -2.928937022124573497e-141
9.299299299299299548e-01 -8.266517889738564043e-142
9.319319319319319117e-01 -1.470574489624331285e-142
9.339339339339338686e-01 -2.888033718955142115e-144
9.359359359359358255e-01 9.854007325662957974e-144
9.379379379379380044e-01 4.593553614668242948e-144
9.399399399399399613e-01 1.290374975844995962e-144
9.419419419419419182e-01 2.236924022569753770e-145
9.439439439439438750e-01 1.386097259921332687e-147
9.459459459459458319e-01 -1.623365441949198363e-146
9.479479479479480108e-01 -7.233022610124062377e-147
9.499499499499499677e-01 -1.949814490758477305e-147
9.519519519519519246e-01 -3.097660166323430408e-148
9.539539539539538815e-01 1.099035702319108280e-149
9.559559559559558384e-01 2.797056386038554371e-149
9.579579579579580173e-01 1.132625510147816371e-149
9.599599599599599742e-01 2.819537686224454974e-150
9.619619619619619311e-01 3.743591160824252472e-151
9.639639639639638879e-01 -4.853795848756216550e-152
9.659659659659658448e-01 -4.874976287864802490e-152
9.679679679679680238e-01 -1.733138666572756453e-152
9.699699699699699806e-01 -3.808735941580686476e-153
9.719719719719719375e-01 -3.436218297991056541e-154
9.739739739739738944e-01 1.354502167899589349e-154
9.759759759759758513e-01 8.307739973395346680e-155
9.779779779779780302e-01 2.527981911025134175e-155
9.799799799799799871e-01 4.583095597829646266e-156
9.819819819819819440e-01 7.474081985939740277e-158
9.839839839839839009e-01 -3.058527077939614273e-157
9.859859859859860798e-01 -1.342440532424046559e-157
9.879879879879880367e-01 -3.392115224712134790e-158
9.899899899899899935e-01 -4.367817231153704752e-159
9.919919919919919504e-01 6.589821229887339335e-160
9.939939939939939073e-01 5.945383520894590106e-160
9.959959959959960862e-01 1.993624684297635815e-160
9.979979979979980431e-01 3.970570526880793014e-161
1.000000000000000000e+00 2.890383296158828132e-162
